0	
6.25E-05	
0.000125	
0.0001875	
0.00025	
0.0003125	
0.000375	
0.0004375	
0.0005	
0.0005625	
0.000625	
0.0006875	
0.00075	
0.0008125	
0.000875	
0.0009375	
0.001	
0.0010625	
0.001125	
0.0011875	
0.00125	
0.0013125	
0.001375	
0.0014375	
1	
0	
1	
1	
1	
0	
1	
1	
1	
0	
0.002125	
0.0021875	
0.00225	
0.0023125	
0.002375	
0.0024375	
0.0025	
0.0025625	
0.002625	
1	
1	
0	
1	
1	
0.003	
1	
0.003125	
0.0031875	
0	
1	
0	
1	
0	
1	
1	
0	
1	
0	
1	
1	
1