0	
6.25E-05	
0.000125	
0.0001875	
0.00025	
0.0003125	
0.000375	
0.0004375	
0.0005	
0.0005625	
0.000625	
0.0006875	
0.00075	
0.0008125	
0.000875	
0.0009375	
0.001	
0.0010625	
0.001125	
0.0011875	
0.00125	
0.0013125	
0.001375	
0.0014375	
0.0015	
0.0015625	
0.001625	
0.0016875	
0.00175	
0.0018125	
0.001875	
0.0019375	
0.002	
0.0020625	
0.002125	
0.0021875	
0.00225	
0.0023125	
0.002375	
0.0024375	
0.0025	
0.0025625	
0.002625	
0.0026875	
0.00275	
0.0028125	
0.002875	
0.0029375	
0.003	
0.0030625	
0.003125	
0.0031875	
0.00325	
0.0033125	
0.003375	
0.0034375	
0.0035	
0.0035625	
0.003625	
0.0036875	
0.00375	
0.0038125	
0.003875	
0.0039375	
0.004
																																																																
