v
7.65166340509
23.2876712329
38.2583170255
54.8923679061
68.1996086106
83.1702544032
97.1428571429
109.119373777
121.428571429
131.741682975
141.722113503
149.373776908
156.692759296
162.015655577
166.340508806
168.66927593
169.334637965
169.334637965
167.338551859
164.011741683
159.021526419
153.033268102
146.046966732
136.066536204
126.418786693
114.774951076
102.798434442
90.156555773
75.5185909981
61.5459882583
45.2446183953
30.6066536204
12.6418786693
-1.33072407045
-17.2994129159
-33.2681017613
-48.2387475538
-63.2093933464
-78.5127201566
-91.8199608611
-105.792563601
-117.436399217
-128.414872798
-138.395303327
-146.712328767
-154.031311155
-160.684931507
-165.342465753
-168.336594912
-170.0
-170.332681018
-169.001956947
-166.340508806
-162.015655577
-156.360078278
-149.706457926
-141.056751468
-131.409001957
-120.763209393
-108.786692759
-97.1428571429
-82.5048923679
-68.1996086106
-52.8962818004
-37.9256360078
-22.6223091977
-5.65557729942
9.64774951077
26.2818003914
41.9178082192
56.5557729942
71.8590998043
85.4990215265
99.4716242662
111.4481409
122.759295499
134.070450098
142.720156556
151.037181996
157.358121331
162.348336595
166.673189824
168.66927593
169.334637965
169.334637965
167.005870842
163.346379648
158.356164384
151.369863014
143.718199609
134.735812133
124.422700587
113.111545988
100.802348337
87.4951076321
73.5225048924
59.2172211351
42.5831702544
27.9452054795
11.6438356164
-3.65949119374
-20.2935420744
-35.5968688846
-50.9001956947
-66.5362035225
-80.5088062623
-95.1467710372
-107.123287671
-118.767123288
-130.410958904
-139.726027397
-149.04109589
-155.694716243
-161.350293542
-165.675146771
-168.66927593
-170.332681018
-170.0
-168.66927593
-165.675146771
-161.017612525
-155.029354207
-148.043052838
-139.726027397
-130.410958904
-118.43444227
-106.457925636
-93.8160469668
-80.5088062623
-65.2054794521
-50.5675146771
-34.2661448141
-18.9628180039
-3.32681017613
13.3072407045
28.6105675147
44.9119373777
59.5499021527
73.85518591
88.8258317026
101.800391389
113.444227006
124.755381605
135.401174168
144.716242662
152.367906067
158.356164384
164.011741683
167.338551859
169.001956947
170.0
169.001956947
165.342465753
161.350293542
156.692759296
150.039138943
142.720156556
132.739726027
122.759295499
110.450097847
98.1409001957
85.4990215265
70.1956947163
55.5577299413
40.2544031311
24.9510763209
9.64774951077
-7.31898238748
-23.2876712329
-39.2563600783
-54.2270058709
-68.5322896282
-83.5029354208
-96.1448140901
-110.11741683
-121.428571429
-131.741682975
-141.389432485
-149.706457926
-157.025440313
-161.017612525
-166.007827789
-170.332681018
-170.332681018
-170.0
-168.336594912
-165.342465753
-160.019569472
-154.031311155
-146.37964775
-135.401174168
-128.082191781
-116.105675147
-104.46183953
-91.8199608611
-76.8493150685
-62.8767123288
-47.240704501
-32.2700587084
i
-86.8297455969
-64.2074363992
-53.8943248533
-56.5557729942
-33.2681017613
-38.9236790607
-17.2994129159
-30.2739726028
0.0
-8.31702544032
-1.33072407045
3.99217221135
3.65949119374
8.64970645793
16.6340508806
8.64970645793
10.6457925636
9.64774951077
6.98630136987
8.98238747554
4.32485322896
3.99217221135
-5.98825831703
-9.98043052838
-13.3072407045
-18.9628180039
-27.6125244619
-38.2583170255
-45.5772994129
-53.8943248533
-62.8767123288
-72.8571428572
-76.5166340509
-84.5009784736
-99.1389432486
-108.786692759
-118.43444227
-121.095890411
-132.739726027
-137.729941292
-146.37964775
-150.371819961
-155.694716243
-163.679060665
-170.332681018
-169.667318982
-161.017612525
-170.332681018
-168.003913894
-170.332681018
-170.332681018
-170.332681018
-170.332681018
-166.340508806
-170.332681018
-162.015655577
-170.332681018
-150.371819961
-148.375733855
-139.726027397
-132.074363992
-121.761252446
-118.43444227
-123.757338552
-100.469667319
-104.46183953
-81.1741682975
-87.1624266145
-60.2152641879
-65.2054794521
-37.5929549902
-50.9001956947
-23.9530332681
-31.9373776908
-6.98630136987
-15.6360078278
6.32093933464
0.665362035225
4.99021526419
3.99217221135
9.64774951077
10.313111546
14.3052837573
7.9843444227
7.9843444227
8.31702544032
5.3228962818
5.3228962818
0.332681017613
-2.99412915851
-12.3091976517
-16.6340508806
-24.2857142857
-28.9432485323
-35.9295499022
-48.5714285714
-56.2230919765
-63.542074364
-66.5362035225
-83.1702544032
-91.1545988259
-99.8043052838
-108.454011742
-118.43444227
-128.747553816
-130.410958904
-140.391389433
-145.714285714
-154.363992172
-161.68297456
-162.681017613
-170.332681018
-170.332681018
-170.332681018
-165.342465753
-170.332681018
-170.332681018
-170.332681018
-170.332681018
-169.334637965
-170.332681018
-162.015655577
-170.332681018
-156.360078278
-166.007827789
-144.050880626
-136.066536204
-131.741682975
-125.42074364
-114.774951076
-106.125244618
-113.776908024
-90.156555773
-94.1487279844
-68.5322896282
-76.8493150685
-48.2387475538
-58.2191780822
-29.9412915851
-36.927592955
-15.6360078278
-21.6242661448
4.99021526419
-8.31702544032
3.65949119374
6.65362035225
2.99412915851
6.98630136987
12.6418786693
10.9784735812
14.3052837573
6.98630136987
4.99021526419
6.32093933464
6.65362035225
0.665362035225
-8.31702544032
-11.9765166341
-17.2994129159
-22.6223091977
-32.9354207437
-38.5909980431
-44.9119373777
-53.228962818
-65.2054794521
-75.8512720157
-78.5127201566
-90.8219178083
-101.135029354
-110.450097847
-119.432485323
-127.749510763
-137.064579256
-139.060665362
-147.377690802
-153.033268102
-162.681017613
-165.009784736
-170.332681018
-170.332681018
-170.332681018
-170.332681018
-167.338551859
-170.332681018
-170.332681018
-170.332681018
-170.332681018
-165.342465753
-170.332681018
-160.352250489
-168.336594912
-147.377690802
-159.686888454
-138.727984344
-129.412915851
-121.095890411
-114.774951076
-106.790606654
-95.4794520548
i1
-503.519061584
-473.607038123
-438.709677419
-397.165200391
-353.958944282
-307.42913001
-285.826001955
-194.428152493
-144.574780059
-78.1036168133
-11.6324535679
76.4418377322
124.633431085
182.795698925
240.957966764
310.752688172
362.267839687
415.444770283
473.607038123
526.783968719
569.990224829
619.843597263
649.755620723
687.976539589
709.579667644
742.815249267
762.75659824
769.403714565
776.05083089
781.036168133
776.05083089
762.75659824
749.462365591
724.535679374
834.213098729
631.476050831
626.490713587
588.269794721
543.401759531
490.224828935
435.386119257
382.209188661
319.061583578
287.487781036
164.516129032
116.324535679
61.485826002
-6.64711632454
-64.8093841642
-127.956989247
-186.119257087
-245.943304008
-292.47311828
-340.664711632
-324.046920821
-427.077223851
-466.959921799
-493.548387097
-520.136852395
-543.401759531
-556.69599218
-568.328445748
-541.73998045
-596.578690127
-558.357771261
-546.725317693
-525.122189638
-501.857282502
-466.959921799
-463.636363636
-393.841642229
-392.179863148
-277.517106549
-247.605083089
-194.428152493
-134.604105572
-71.4565004888
3.32355816227
78.1036168133
129.618768328
186.119257087
250.928641251
315.738025415
370.576735093
430.400782014
476.930596285
535.092864125
579.960899316
619.843597263
656.402737048
709.579667644
744.477028348
736.168132942
762.75659824
774.389051808
776.05083089
777.712609971
776.05083089
766.080156403
724.535679374
712.903225806
692.961876833
659.72629521
624.828934506
576.637341153
535.092864125
481.915933529
423.753665689
375.562072336
310.752688172
249.26686217
167.839687195
106.353861193
49.853372434
-16.6177908113
-74.780058651
-137.927663734
-192.766373412
-234.31085044
-250.928641251
-352.2971652
-392.179863148
-437.047898338
-468.62170088
-500.195503421
-523.460410557
-533.431085044
-574.975562072
-583.284457478
-569.990224829
-568.328445748
-556.69599218
-538.416422287
-521.798631476
-495.210166178
-466.959921799
-418.768328446
-388.856304985
-339.002932551
-290.811339198
-235.972629521
-192.766373412
-121.309872923
-56.5004887586
9.9706744868
98.0449657869
137.927663734
196.089931574
260.899315738
317.399804497
383.870967742
435.386119257
490.224828935
541.73998045
588.269794721
589.931573803
676.344086022
706.256109482
724.535679374
749.462365591
759.433040078
774.389051808
777.712609971
769.403714565
756.109481916
752.785923754
742.815249267
716.226783969
692.961876833
656.402737048
614.85826002
573.313782991
528.445747801
476.930596285
418.768328446
362.267839687
299.120234604
237.634408602
147.898338221
99.706744868
41.5444770283
-24.926686217
-86.412512219
-6.64711632454
-206.060606061
-257.575757576
-314.076246334
-355.620723363
-407.135874878
-440.3714565
-478.592375367
-501.857282502
-486.901270772
-556.69599218
-558.357771261
-569.990224829
-568.328445748
-565.004887586
-553.372434018
i2
-437.536656891
-388.269794721
-412.903225806
-473.900293255
-346.041055718
-446.920821114
-320.234604106
-384.750733138
-320.234604106
-307.331378299
-270.967741935
-240.469208211
-231.085043988
-224.046920821
-190.029325513
-181.818181818
-163.049853372
-105.571847507
-104.398826979
-89.1495601173
-85.6304985337
-62.1700879765
-71.5542521994
-26.9794721408
-38.7096774194
-48.0938416422
-25.8064516129
-37.5366568915
-34.0175953079
-34.0175953079
-29.3255131965
-52.7859237537
-52.7859237537
-80.9384164223
-86.8035190616
-90.3225806452
-90.3225806452
-113.782991202
-160.703812317
-156.011730205
-185.337243402
-194.721407625
-232.258064516
-233.431085044
-261.583577713
-281.524926686
-321.407624633
-377.712609971
-370.674486804
-412.903225806
-422.287390029
-346.041055718
-364.809384164
-407.038123167
-426.979472141
-426.979472141
-458.651026393
-452.785923754
-477.419354839
-489.149560117
-473.900293255
-491.495601173
-497.360703812
-471.554252199
-482.11143695
-462.170087977
-459.824046921
-431.671554252
-392.961876833
-371.847507331
-370.674486804
-459.824046921
-304.985337243
-402.346041056
-394.134897361
-350.73313783
-295.601173021
-251.026392962
-239.296187683
-231.085043988
-197.06744868
-208.797653959
-165.395894428
-156.011730205
-114.95601173
-89.1495601173
-104.398826979
-64.5161290323
-73.9002932551
-63.3431085044
-63.3431085044
-21.1143695015
-31.6715542522
-44.5747800587
-50.4398826979
-46.9208211144
-26.9794721408
-36.3636363636
-37.5366568915
-60.9970674487
-73.9002932551
-76.2463343109
-123.167155425
-106.744868035
-123.167155425
-119.648093842
-180.64516129
-181.818181818
-202.93255132
-235.7771261
-248.680351906
-297.947214076
-224.046920821
-343.695014663
-364.809384164
-398.826979472
-398.826979472
-442.228739003
-452.785923754
-369.501466276
-495.014662757
-418.768328446
-450.439882698
-450.439882698
-452.785923754
-451.612903226
-470.381231672
-483.284457478
-470.381231672
-480.938416422
-486.803519062
-491.495601173
-437.536656891
-444.574780059
-414.076246334
-414.076246334
-368.328445748
-472.727272727
-326.099706745
-424.633431085
-295.601173021
-384.750733138
-327.272727273
-317.88856305
-249.853372434
-243.988269795
-231.085043988
-206.451612903
-170.08797654
-188.856304985
-154.838709677
-138.416422287
-82.1114369501
-66.862170088
-95.0146627566
-55.1319648094
-57.4780058651
-22.2873900293
-58.651026393
-52.7859237537
-34.0175953079
-34.0175953079
-42.2287390029
-49.2668621701
-23.4604105572
-39.8826979472
-57.4780058651
-80.9384164223
-109.090909091
-98.5337243402
-100.879765396
-118.475073314
-143.108504399
-146.627565982
-201.759530792
-194.721407625
-228.739002933
-254.545454545
-290.909090909
-315.542521994
-323.753665689
-381.231671554
-384.750733138
-424.633431085
-443.401759531
-340.175953079
-507.917888563
-403.519061584
-539.589442815
-419.941348974
-462.170087977
-448.093841642
-460.997067449
-449.26686217
-459.824046921
-572.434017595
-497.360703812
-564.2228739
-457.478005865
i3
-455.131964809
-573.607038123
-451.612903226
-529.032258065
-425.806451613
-506.744868035
-387.096774194
-456.304985337
-416.42228739
-402.346041056
-312.023460411
-354.252199413
-375.366568915
-382.404692082
-344.868035191
-337.829912023
-314.369501466
-302.639296188
-302.639296188
-278.005865103
-308.504398827
-283.870967742
-301.46627566
-263.929618768
-270.967741935
-289.736070381
-275.659824047
-276.832844575
-263.929618768
-296.774193548
-299.120234604
-309.677419355
-315.542521994
-334.31085044
-342.521994135
-319.061583578
-351.906158358
-340.175953079
-381.231671554
-363.636363636
-394.134897361
-402.346041056
-429.325513196
-423.460410557
-490.322580645
-459.824046921
-462.170087977
-489.149560117
-477.419354839
-430.498533724
-463.343108504
-442.228739003
-463.343108504
-505.571847507
-580.64516129
-505.571847507
-579.472140762
-521.994134897
-574.780058651
-514.95601173
-565.395894428
-525.513196481
-600.586510264
-502.052785924
-503.225806452
-484.457478006
-487.976539589
-458.651026393
-460.997067449
-545.454545455
-436.363636364
-519.648093842
-381.231671554
-487.976539589
-443.401759531
-408.211143695
-404.692082111
-371.847507331
-362.463343109
-374.193548387
-347.214076246
-364.809384164
-341.348973607
-314.369501466
-286.217008798
-295.601173021
-313.196480938
-292.082111437
-295.601173021
-280.351906158
-299.120234604
-273.313782991
-290.909090909
-295.601173021
-289.736070381
-299.120234604
-269.794721408
-309.677419355
-308.504398827
-315.542521994
-329.618768328
-337.829912023
-315.542521994
-333.137829912
-364.809384164
-349.560117302
-402.346041056
-374.193548387
-404.692082111
-432.84457478
-434.017595308
-462.170087977
-442.228739003
-495.014662757
-499.706744868
-526.686217009
-519.648093842
-449.26686217
-473.900293255
-465.68914956
-482.11143695
-477.419354839
-509.090909091
-518.475073314
-507.917888563
-514.95601173
-521.994134897
-520.82111437
-513.782991202
-519.648093842
-523.167155425
-500.879765396
-490.322580645
-477.419354839
-456.304985337
-533.724340176
-426.979472141
-533.724340176
-395.307917889
-489.149560117
-465.68914956
-464.516129032
-425.806451613
-403.519061584
-367.15542522
-369.501466276
-375.366568915
-351.906158358
-326.099706745
-339.002932551
-315.542521994
-309.677419355
-280.351906158
-270.967741935
-312.023460411
-285.04398827
-287.390029326
-268.62170088
-295.601173021
-287.390029326
-286.217008798
-283.870967742
-292.082111437
-301.46627566
-276.832844575
-320.234604106
-314.369501466
-324.926686217
-343.695014663
-348.387096774
-342.521994135
-348.387096774
-376.539589443
-368.328445748
-414.076246334
-398.826979472
-419.941348974
-418.768328446
-470.381231672
-463.343108504
-473.900293255
-505.571847507
-523.167155425
-422.287390029
-533.724340176
-458.651026393
-582.991202346
-479.765395894
-497.360703812
-487.976539589
-507.917888563
-506.744868035
-506.744868035
-581.818181818
-518.475073314
-530.205278592
-505.571847507
-526.686217009
-487.976539589
vbatt
80.0
33.0
83.0
47.0
91.0
58.0
114.0
86.0
128.0
106.0
130.0
129.0
110.0
112.0
138.0
139.0
143.0
150.0
146.0
147.0
144.0
158.0
147.0
157.0
150.0
152.0
158.0
157.0
159.0
146.0
144.0
139.0
136.0
131.0
140.0
136.0
120.0
122.0
109.0
113.0
98.0
93.0
84.0
86.0
60.0
80.0
76.0
58.0
78.0
67.0
70.0
66.0
19.0
57.0
21.0
53.0
14.0
50.0
12.0
49.0
15.0
44.0
50.0
56.0
59.0
70.0
67.0
29.0
79.0
38.0
85.0
58.0
93.0
71.0
106.0
106.0
113.0
111.0
120.0
112.0
127.0
124.0
145.0
148.0
150.0
150.0
146.0
150.0
149.0
156.0
149.0
157.0
153.0
150.0
152.0
152.0
156.0
139.0
139.0
138.0
139.0
129.0
132.0
131.0
118.0
112.0
95.0
107.0
95.0
81.0
82.0
67.0
79.0
67.0
57.0
89.0
70.0
72.0
64.0
69.0
22.0
53.0
28.0
49.0
26.0
42.0
32.0
48.0
21.0
50.0
56.0
64.0
65.0
74.0
66.0
43.0
83.0
47.0
102.0
71.0
77.0
78.0
99.0
112.0
124.0
119.0
111.0
123.0
137.0
132.0
148.0
150.0
149.0
143.0
143.0
156.0
153.0
160.0
154.0
154.0
154.0
149.0
149.0
149.0
152.0
136.0
136.0
135.0
138.0
126.0
121.0
120.0
107.0
103.0
92.0
96.0
87.0
84.0
62.0
67.0
61.0
53.0
44.0
85.0
39.0
68.0
54.0
63.0
55.0
55.0
50.0
38.0
50.0
33.0
46.0
49.0
56.0
51.0
64.0
